Training accuracy:
sigma    0.01    0.03      0.1      0.3        1        3       10       30
C  
0.01    0.498    0.502    0.502    0.502    0.498    0.502    0.498    0.498
0.03    0.498    0.498    0.502    0.863    0.825    0.502    0.498    0.815
0.1     0.502    0.502    0.948    0.872    0.829    0.502    0.498    0.820
0.3     0.502    0.986    0.948    0.896    0.872    0.720    0.498    0.502
1       1.000    0.995    0.948    0.934    0.896    0.863    0.829    0.829
3       1.000    1.000    0.943    0.943    0.919    0.877    0.578    0.502
10      1.000    1.000    0.962    0.934    0.924    0.919    0.848    0.815
30      1.000    1.000    0.948    0.943    0.929    0.924    0.872    0.749






